kinematics:
  shoulder:
    x: 0
    y: 0
    z: 0.1808421982499125
    roll: -0
    pitch: 0
    yaw: 1.862076804678764e-07
  upper_arm:
    x: -5.078513297009689e-05
    y: 0
    z: 0
    roll: 1.571064006596735
    pitch: 0
    yaw: 5.55958136552053e-06
  forearm:
    x: -0.6124534323087236
    y: 0
    z: 0
    roll: 3.139394093588721
    pitch: 3.141183955344775
    yaw: -3.141587642544807
  wrist_1:
    x: -0.5715166868002414
    y: 0.001647382237148592
    z: 0.173966790567034
    roll: 3.132123415276171
    pitch: 3.141563516561767
    yaw: 3.141591496915415
  wrist_2:
    x: -7.889085295590296e-05
    y: -0.1198129855537091
    z: 0.000126537806829356
    roll: 1.569740199537925
    pitch: 0
    yaw: -9.579313191448481e-07
  wrist_3:
    x: -0.0001163013888319955
    y: 0.1156027742645698
    z: 3.441590795626179e-05
    roll: 1.5710940351082
    pitch: 3.141592653589793
    yaw: 3.141592406265771
  hash: calib_8542818677157393018